Test:
 Sparse_categorical_crossentropy: 0.2507861256599426
 Accuracy: 0.9099000096321106